今日はお忙しいところお時間いただきありがとうございますフレンド印刷の坂本です ;0;1;-1
いやーこちらこそよろしくお願いします ウェルフーズの中岡です ;1;7;-1
中町素晴らしいオフィスですねー ;0;13;-1
さすが健康を扱う仕事をされておられる会社は違いますねぇ ;0;16;-1
訪問されるお客さんを安心されるでしょうね ;0;21;-1
いやーありがとうございます ;1;24;-1
まあ市はなんといっても健康が売りですからねぇ ;1;28;-1
そうですよねー ;0;33;-1
今回はお問い合わせいただきありがとうございました ;0;36;-1
本日の進め方ですか ;0;39;-1
まず弊社の特徴を簡単にご紹介させていただきます ;0;41;4
その後御社のことを少し勉強してきましたので確認をさせてください ;0;46;-1
その上でお問い合わせ頂いたパンフレットの見直しのことについて詳細をお伺いしたい ;0;52;-1
と思います ;0;58;-1
肘下ないように合わせて事例も紹介させていただきたいと思います ;0;60;-1
そうすればより的確な情報提供やご提案が出来るかと思います ;0;65;-1
本命な進め方でよろしいでしょうか ;0;71;-1
1時間くらいかかると思いますがいやでしょうか ;0;74;-1
わかりました ;1;78;-1
まずは ;0;80;-1
弊社フレンド印刷の概要を簡単にご紹介させていただきます ;0;81;-1
弊社は ;0;87;-1
様々な販促用パンフレットを必要部数が現印刷して最新情報を訴求力ある形でその都度 ;0;88;4
タイムリーにと受けることができます ;0;97;4
ですから健康食を求め皆様に最新の有益な情報提供が可能となり ;0;100;4
より多くの受注につながります ;0;106;4
他社との違いは ;0;110;4
印刷配送の納期の速さと訴求力あるパンフレットを作り方のノウハウです ;0;112;4
弊社では ;0;120;-1
全国の拠点にデジタル印刷機を配置し ;0;121;4
本社のデザイン部門とネットワークされています ;0;125;4
これがパン no 1蒼穹力あるバーブレットを支えています ;0;128;4
今後も投資を続けさらに進化させながら ;0;133;-1
価値提供させていただきます ;0;136;-1
なるほど ;1;140;-1
速さと訴求力が ;1;142;4
特徴なんですねー ;1;144;-1
そのとおりです ;0;148;-1
的確にご理解いただきありがとうございます ;0;149;-1
御社のことを公開情報をもとに勉強してきました ;0;156;-1
あっている方が教えて頂ければと思います ;0;160;-1
少しよろしいですか ;0;163;-1
弊社のことを勉強してくれたんですか ;1;165;-1
それは嬉しいですねー ;1;168;-1
まずは ;1;171;-1
聞かせていただきましょうか ;1;172;-1
はい ;0;175;-1
宜しくお願いします ;0;176;-1
まずはこのシートをご覧下さい ;0;178;-1
全体の構図は ;0;181;-1
御社と ;0;183;-1
お客様 ;0;184;-1
競争相手環境変化の4つから構成されています ;0;186;-1
この下の部分が御社です ;0;192;-1
左上がお客様です ;0;196;-1
特に高齢者 ;0;198;-1
働く若い女性と病院介護型施設にフォーカスしました ;0;201;-1
右上は環境変化です ;0;206;-1
その下は御社の競争相手となっています ;0;210;-1
構図としては違和感ありますでしょうか ;0;214;-1
そうですねまぁ特に有りませんね ;1;218;-1
では早速御社のお客様の部分からご覧ください ;0;224;-1
私は御社の主要お客様を独り暮らしの高齢者 ;0;229;-1
働く若い一人暮らしの女性そして病院介護型の施設としましたがこれは合ってます ;0;234;-1
でしょうか ;0;240;-1
そうですねぇ ;1;242;-1
高齢者の皆さんは可能 ;1;244;-1
下一人暮らしとは ;1;246;-1
入らないですね ;1;249;-1
ご夫婦で ;1;250;-1
当社の健康弁当を楽しまれている方が増えてきています ;1;252;-1
それと ;1;257;-1
若い方よりも男女問わず中年層の一人暮らしの方からの注文が増えています ;1;258;-1
社会の健康志向とダイエット志向の影響が大きいかと思っています ;1;266;-1
そうなんですか ;0;273;-1
高齢者や中年層の方々では ;0;275;-1
違いますよね ;0;279;-1
そうですね ;1;280;-1
大きく生む違いますよ ;1;282;-1
ですからメニューの多様性が求められますよ ;1;284;-1
高齢者の皆さんはば車庫に好みが移る傾向があります ;1;290;-1
中年の方々は ;1;295;-1
いろいろなタイプを求めます ;1;297;-1
イタリア ;1;299;-1
フレンチ中華は無論のこと korea ;1;300;-1
ベトナムタイなどのアジアンテイストもほどもれます ;1;304;-1
飽きのこないメニュー開発がとても重要になってきています ;1;309;-1
飽きてしまうとどうしても他社の弁当に ;1;314;=1
願いきますから ;1;318;-1
ということはメニューの護符が ;0;320;-1
大切なんですね ;0;323;-1
そうなんです ;1;325;-1
だから低下リレー食と ;1;327;-1
多彩なメニュー開発の両方が求められています ;1;330;-1
今の方は外食で4色な食事を楽しんでいますから ;1;334;-1
まあ ;1;339;-1
舌が肥えているんですね ;1;340;-1
これからおっしゃることについて詳しくお聞きしたいと思います ;0;343;-1
本社の ;0;347;-1
商品サービスの会員 ;0;349;-1
商品サービスのユニークなと言う ;0;351;-1
お客様への提供価値と競争いう ;0;354;-1
をこのようにまとめてみましたが合っていますでしょうか ;0;357;-1
ふーん ;1;362;-1
やはりここを書いていただいている通り ;1;364;-1
栄養士おまかせサービスでメタボや ;1;369;-1
生活習慣病ように管理栄養士が個別メニューを作って電話度買収してるんですけど ;1;373;-1
そこのところのは新刊が大きいでしょうねぇ ;1;380;-1
他社にはここまで出来ませんから ;1;384;-1
さすがですねー ;0;388;-1
この競争優位はさらに磨いているということなんです ;0;390;-1
さて ;0;395;-1
御社の提供価値と競争優位性を高めるための ;0;396;6
これからの取り組みテーマを ;0;399;6
ないでお聞かせいただけませんか ;0;403;6
うそうですね ;1;406;-1
今回問い合わせしたこととも関係しますが ;1;409;-1
まずは病院や介護施設で配布している ;1;413;2
カタログの品質を上げたいと思っています ;1;418;2
高齢の方はこのカタログを見て電話してくる方が多いですから ;1;422;2
ん ;1;427;-1
まず ;1;428;-1
手にとっていただき ;1;430;-1
見て持ち帰っていただけるようにしないとネー ;1;432;-1
それから ;1;436;-1
フレンド esa さんとは関係ないかもしれませんが ;1;438;-1
管理栄養士の電話での応対スキルを上げたいですねー ;1;442;2
高齢の方が注文するのは主に電話ですが ;1;448;2
中央するのはがということ以外に誰かが話したいという気持ちも強いのですよ ;1;453;2
特に一人ベースの方はこれが顕著になります ;1;460;-1
ある程度の時間をかけともいるので管理栄養士がおしゃべりすることも勧めていました ;1;463;-1
電話は長くなくなりますが ;1;470;-1
あーそこは果樹園よと口コミで広がりますので結局は ;1;472;-1
囲い込むになるのです ;1;477;-1
このあたりは ;1;480;-1
他社が簡単に真似できないレベルに引き上げたいと思っています ;1;482;4
では ;1;487;-1
栄養士はおまかせ3次走とても大切されておられますけれども ;0;490;6
特別な背景があるのでしょうか ;0;495;6
まあ実は栄養士おまかせサービスは ;1;499;-1
弊社創業者があ ;1;503;-1
ご自分のご両親を解雇しているときに ;1;505;2
なサービスがあったらと思っていたことなんです ;1;509;2
ですから当社は創業時から併用章任せサービスを行ってきてるんです ;1;512;2
もっともっと磨いていきたいと思っています ;1;518;-1
そうなんですか ;0;524;-1
栄養士を間貸しサービスの概要は先ほどお伺いしたのですが ;0;525;6
お客様はどの点を喜ばれていらっしゃるのでしょうか ;0;530;6
そうですね ;1;535;-1
やはり管理栄養士からの自分のライフスタイルに合ったアドバイスは ;1;537;-1
せっかくさを感じていただけていると思います ;1;573;-1
栄養士の知見に裏付けられている点も安心感が増すようですね ;1;578;-1
あー高齢者の皆さんは喜びますねー ;0;586;-1
会社として大切なサービスなんですね ;0;589;-1
今後もっと磨いていくためにはどのような取り組みをされていくのでしょうか ;0;603;6
今は ;1;610;-1
サービス内容のばらつきを減らすことに取り組んでいます ;1;611;-1
お客様の状況に合わせたメニューをデータベース化しています ;1;616;-1
これが完成すると ;1;622;-1
栄養士の習熟度によりサービス内容に差がてということが ;1;624;-1
減らせます ;1;630;-1
今はサービス内容のばらつきを減らすことに取り組んでいます ;1;633;-1
お客様の状況に合わせた b ;1;639;-1
データベース化しています ;1;601;-1
これが完成すると ;1;603;-1
栄養士の習熟度によりサービス内容に差が出るということが減らせます ;1;605;-1
何ですか早速ですね ;0;613;-1
弊社もそこにコールセンターの q & a のデータベースをもとに ;0;616;-1
やすいマニュアルを作成したことがあります ;0;621;-1
手元においてサッと見れるばにあるがあったのでべレイターのお客様対応レベルが ;0;624;-1
全体として向上しました ;0;629;-1
御社の取り組みの参考になるかも知れませんので ;0;632;-1
次回そのマニュアルを持ちいたしましょうか ;0;636;-1
ああそれは助かりますねー ;1;639;-1
ぜひ見せてください ;1;643;-1
マニュアルの作り方の参考にもなりそうですし ;1;646;-1
はいわかりました ;0;651;-1
他社固有の情報のところが削除させていただきますが御社の参考になるように加工して ;0;653;3
お持ちいたします ;0;660;3
長岡課長今日は色々と教えて頂きましてありがとうございました ;0;664;-1
ここでお聞きしたことをまとめさせていただきたいと思いますよろしいでしょうか ;0;669;-1
いいですよ今日は随分とお話ししましたからねぇ ;1;675;-1
今日は2つの課題を教えていただきました ;0;681;-1
一つ目は ;0;685;-1
病院や介護施設に置くパンフレットをタイムリーに届けたい ;0;686;-1
訴求力も大きく向上したい ;0;692;-1
素材や冷凍技術の進化によって新しい食材や調理法はどんどん開発されてくるのでそれ ;0;695;-1
を分かりやすく ;0;472;-1
タイムリーにお客様にお伝えすることが大切にということでした ;0;704;-1
二つ目は栄養士おまかせサービスのデータベースを作成して栄養士ごとのばらつきを ;0;710;-1
減らし ;0;716;-1
サービス全体をレベルアップしたいということだったかと思います ;0;717;-1
いかがでしょうか ;0;722;-1
気になる点はありますでしょうか ;0;723;-1
ああそうですね概ねその通りです ;1;726;-1
ただパンフレットはコストも重要ですのでその点も次回 ;1;730;3
提示してください ;1;736;3
はい ;0;739;-1
コストについても精一杯やらせていただきます ;0;740;-1
では近いは版レットの見本と概算見積業務したします ;0;743;-1
また弊社でデータベースとマニュアルを作成して ;0;749;-1
サービスレベルを向上させた事例がありますのでこちらをご紹介させていただきます ;0;753;-1
確かそうでしたね ;1;758;-1
楽しみにしてますよ ;1;760;-1
ところで中岡課長 ;0;764;-1
次回はせっかくですので ;0;765;-1
反則も鑑賞する経営層の方にもご同席 ;0;768;1
いただけないでしょうか ;0;772;1
その方がより経営課題に即したご提案ができますし ;0;774;1
中岡長も今後が進めやすくなるかと思います ;0;777;1
いかがでしょうか ;0;782;-1
ふーん ;1;784;-1
そうですね ;1;786;-1
まあ確かに今者の事例は営業部門の責任者にも聞いてもらったわよそうですね ;1;788;1
わかりました ;1;797;-1
弊社の取締役営業部長の飯山も同席してもらえるように依頼しておきます ;1;799;3
中岡長ありがとうございます ;0;805;-1
日時はいかがいたしましょうか ;0;809;-1
来週のどこかで井山豊島利益と中岡町の不都合が多いがありますでしょうか ;0;812;-1
そうですねぇ ;1;820;-1
来週の木曜日の午後1番でしたら ;1;824;3
飯山取締役も大丈夫ですね ;1;828;-1
ありがとうございます ;0;831;-1
では来週の木曜日の午後一番13時にパンフレットの見本と事例を押します ;0;833;3
山取締役のご出席宜しくお願いします ;0;841;-1
わかりました ;1;845;-1
私から話しておきましたらよろしくお願いします ;1;847;-1
今日はありがとうございました ;0;853;-1