エサっていうサービスなんですけどMarkdownとかってご存知ですか？ ;0;28;-1
はいなんとなく ;1;33;-1
これはですねマークダウンでこれめちゃくちゃダメなんですよ ;0;35;4
こんな感じで簡単にあのーなんていうんですかね ;0;63;4
こういう感じでドキュメントを取れる ;0;72;4
なるほど ;1;75;-1
これがあるとチームで情報共有する時に全部これにメモがわりにバンバンバンバン書き込んでいってしまって ;0;79;4
自分で書いたやつがが他の人も共有される ;1;90;4
そうですそうですこれにログインしてもらうと皆さんで共有できて ;0;96;4
えーとですねスターみたいなこともできたりですね ;0;106;4
見ましたみたいなこともできたり ;0;114;4
なるほど ;1;118;-1
ドキュメントと何て言うんですかねチームで情報を共有するサービスでこれめちゃくちゃいいんですよ ;0;119;4
これは今、チーム3人で入ってるんですけど1ユーザー500円から月 ;0;127;5
なるほど ;1;133;-1
結構これ系のサービスってQiitaチームとかエサとかドックbassとかみっつぐらいあるんですけど、今、僕たちはこれに定着しましたね ;0;137;-1
なるほど ;1;147;-1
なんかですね考え方はめちゃくちゃ素敵で ;0;149;4
このなんて言うかどうなってる物って何かわかりますか ;0;158;4
あーはいはい ;1;162;-1
ワークインプログレスって言うんですけど何て言うんですかねこれはこくなってるじゃないですか ;0;163;4
これはなんか公開してるよっていう状態なんですね ;0;172;4
これはまだ公開はしてないけどまあ書いきとちょっと言うか ;0;180;4
なるほど ;1;191;-1
という状態をバンバンを共有できるんで中途半端に書いてある状態で公開したくないみたいな事ってあるじゃないですかそれを避けられる ;0;192;4
避けられるというかですね、ばんばんみんなで情報共有しやすい設計になっていてめちゃくちゃいいんですよ ;0;197;4
今まぁあの一人で仕事をされているということだったんですけど ;0;212;-1
ただそのプロジェクト自体は複数名で責められていたりとかしてます ;0;216;6
実際はそこまで一人でやってるんでなんか共有しなくちゃいけないみたいなところは今のところはないんですけれど ;1;222;-1
これからですよね今一人じゃんもうておえなくなってきてるんで ;1;234;-1
これからチーム増やそうってなったときに、確かにこういうものがあると便利は便利ですね ;1;238;2
なんかメモ帳をみんなで共有しているようなそんな感覚ですね ;0;244;4
なんか本当にくだらないことでもみんなここにぶっこんでくんすよ ;0;247;4
徐々になんてですかね情報をこう追記して行って ;0;254;4
これぐらいで完成だなっていうところでwips っていうのはですね ;0;257;4
ここ押すと公開されるみたいな ;0;266;4
これでみんな見ていくと ;0;276;4
この情報は本当にすごいたまりやすいっていうかですね ;0;267;4
なるほど ;1;278;-1
こういうふうに考えたら僕あの、エンジニアの人とやり取りするんですけど Dropbox 共有のやつ作ってますね今言われたら ;1;281;-1
ヒアリングした内容とか議事録とかあげるようにしていて ;1;292;-1
で今みたいに聞いたら、メモはめっちゃ撮ってました ;1;297;-1
マックに入ってるめもあれを自分用にとっていて見返せる様にはしていましたねそういえば ;1;300;-1
なるほど ;1;309;-1
メモを共有するっていう事ですね ;1;312;-1
そうかあれですね ;1;315;-1
なのでメモ自体を共有するって考えた時に Dropbox 年契約しちゃってるんで ;1;320;-1
今どうなんだろうな共有に500円出すかどうかみたいなですね新しいものに ;1;328;0
ドロップボックスは1年間契約しちゃっている ;0;337;3
年間契約して ;1;341;3
あーなるほど ;0;345;-1
それを共有してドキュメントを作ってあげるみたいな感じですねワードとかでやっていて ;1;346;-1
結構それで賄えちゃってる感じですかね ;0;356;6
まあそれは人が少ないからですね多分 ;1;357;-1
確かにそっかそんなに階層化されてなかったらドロップボックスで各ドキュメントで共有されればいいですもんね ;0;359;4
社内で誰か雇ってとかいう風になるともっと密に連携とっていかないといけないんでて ;1;370;2
なった時にはそのタイミングで必要になってくるかもしれないですね ;1;379;3
あーなるほど ;0;381;-1
おっきいチームでやるんじゃなくてちっちゃいチームから始まっいくんで ;1;385;-1
なおさら全部共有しておくと タイミングどこですかね ;1;388;-1
確かに人が入ってきた時が一番効くんですよね ;0;396;4
だと思いますねまあ Dropbox で賄えちゃってる感じなんで ;1;401;-1
なるほどそういうことすね ;0;409;-1
まあちょっとまたチームが大きくなってきた際には ;0;414;3
めちゃくちゃ UI とかいいんで ;0;420;4
確かに見やすいですし ;1;423;4
センスあるんですよねこの人たち製作者は ;0;427;-1
なんかこう、ひょいってやりたいけどひょういってやれないみたいなのってあったりするじゃないですかそういうのは気持ちいいんですよね ;0;434;4
あと階層がですねこれはスラッシュで階層切れるんですよ ;0;444;4
なるほどなるほど ;1;448;-1
スラッシュで例えばメモ ;0;454;4
ってするとメモっていう改装のところに移動してく ;0;462;4
出来上がると、なるほど ;1;472;4
なんかこうそういうところがめちゃくちゃ気持ちがいいんで ;0;478;-1
結構いいですよね ;1;482;-1
本当にいいですよこれ ;0;484;-1
はじめぼくたち始めキベラっていう近いサービスを使ってたんですけどお金かかるんですけどこっちに乗り換えました ;0;487;5
キベラはお金かからない ;1;498;5
キベラはお金かからないんですよ ;0;499;5
キベラはこのツールは5名までですかね ;0;507;-1
あーなるほど ;1;509;-1
5名までは料金が無料ですね ;0;510;5
それが理由で始めこっちを使ってたんですけど ;0;517;-1
何ですかねなんか使いにくくてやめました ;0;518;-1
なるほど ;1;519;-1
結構なんですかねドキュメントをかきやすいかきにくいって重要で ;0;521;4
書きにくいと残さなくなっちゃったりしますので ;0;526;4
セールスフォースが誰も使わない問題みたいなのって結構起きがちなんですよこれ系のツールで ;0;530;-1
これはなんかこれだと止まっていくって ;0;538;-1
ためるのがのは大事ですもんね共有できて ;1;540;-2
そうですよね快適な気持ちがいい ;0;546;4
僕たち四つぐらいこれ系のツールを前の会社で試す時期があったんですけど ;0;551;-1
やっぱこれだけでしたね続いたのは ;0;558;-1
まぁ実際にそういう使ってる人たちがいて ;1;563;-1
はい ;0;567;-1
なるほどちょっとじゃあ ;1;571;-1
500円ぐらいならいいすよね ;1;578;0
まあまあ長い目で見ると ;0;582;-1
ちょっと普通に検討したいなと思いますね ;1;587;3
是非是非 ;0;589;-1
今メモ帳なんで ;1;596;-1
macに入っている ;1;598;-1
はーはいはいなるほどなるほど ;0;600;-1
これスマホでも見れるんですか？ ;1;602;4
スマホでも見れますね ;0;605;4
結構このあのマックのメモだとこっちでも見れるんでこっちでも確認するんですよね ;1;608;2
いやmacのメモも何でももうめちゃくちゃよくできてるよねいいんですよねあの一人で使うにはいいんですけどこれって共有てちょっとしにくいですよね ;0;614;2
共有しにくいですね、仕方も分かんないんで ;1;623;-1
共有できるのかなできんですかね ;0;627;-1
わかんないっすね ;1;630;-1
ほんとこれにずっと入れてるんですよメンタリングの内容とか ;1;631;-1
アクセラレーター系とか普段のメモとかいろいろわけて色々分かっているんですけど ;1;638;-1
いいですね ;1;650;-1
僕２人のチームで例えばアクセラレーター受けてたら多分使わないとダメだと思うんですよね ;1;654;2
今一人なんでチームが一人で共有したいんですけど ;1;661;-1
まっすぐすぐってもんではないと思うんで ;0;676;3
はい ;1;681;-1
あれ Dropbox っていつでしたっけきれるのっていつぐらいなんですか ;0;687;3
11月とか12月ぐらいに Dropbox 使い出して ;1;693;3
最近ですね最近ですね ;0;696;3
共有するためにって感じですね ;1;700;-1
なるほど ;0;705;-1
で速攻無料のやつ超えたんで ;1;708;-1
あーなるほど ;0;709;-1
て一ヶ月だけ試してみようかなと思ったら間違って年のやつやっちゃってで ;1;713;3
まあまあいいやつ買っとこうと思って ;1;717;-1
年間おいくらなんでしたっけ ;0;719;5
年間一万一千とかとか2 3000円とかですかね多分それぐらいですね ;1;720;5
月1000円ぐらいですね ;1;725;5
結構しますね ;0;725;-1
結構します ;1;726;-1
なんでこっちの方がいいっすね ;1;727;2
これ例えばエクセルとかワードのデータも行けるんですか？ ;1;729;4
恐らくイケルと思いますが、ちょっこれあんまり良い使い方かわかんないですけど ;0;735;4
ちょっと待ってください ;0;743;-1
えっとあれですね ;0;755;-1
ヨット ;0;761;-1
こんな感じですね ;0;765;-1
あーちょっとアクセス権でうまくいってないんですけど ;0;778;-1
なるほど ;1;778;-1
まこんな感じで共有はできますけど ;0;780;4
までもエクセルとかは多分ここじゃない気がしますね Dropbox とか別の共有に入れといて ;0;781;-1
こっちは本当に今日ドキュメントだけ ;0;789;4
メモを共有していく ;0;792;4
なるほど ;1;793;-1
ここを見れば全てが繋がる ;0;796;4
例えばさっきの資本政策表とかだったと思うんですけど ;0;800;-1
資本政策表はここのこの辺のココを見たらリンクが貼ってあってで ;0;801;4
そのリンクは Dropbox とかでいいと思うんですよ ;0;808;4
とべるみたいな ;0;812;4
みんながここを始めに見るみたいな感じになってくると結構回っていくと言うか ;0;818;4
なるほどわかりましたや便利ですねちょっとチームが増えると思うので ;1;826;-1
そうですね ;0;833;-1
そのタイミングでちょっと検討したいなと思います ;1;832;3
じゃあまたそうですねあの今回はご紹介とご挨拶がてらお話できたので ;0;837;-1
わかりました ;1;844;-1
ありがとうございます ;0;844;-1
また連絡します。 ;1;844;-1
じゃあまたそうですねおりをみて ;0;851;-1
はいじゃあそうですね、来月再来月ぐらいに ;1;854;-1
よろしくお願いします ;0;856;-1